tamanhos=[100, 200, 400, 800, 1600, 3200, 6400, 12800, 25600, 51200, 102400, 204800, 409600, 819200, 1638400, 3276800, 6553600, 13107200, 26214400, 52428800, 104857600]
tempo_inner_prod=[1.25e-06, 7.27e-07, 1.759e-06, 3.045e-06, 4.619e-06, 1.0042e-05, 2.0138e-05, 3.9026e-05, 7.6026e-05, 0.00014663, 0.00028389, 0.000632229, 0.00148253, 0.00218268, 0.00429423, 0.00991874, 0.0199561, 0.0375127, 0.0704909, 0.14702, 0.300591]
tempo_sum_positive=[5.06e-07, 1.025e-06, 2.483e-06, 3.874e-06, 1.9684e-05, 1.2058e-05, 2.3997e-05, 4.9811e-05, 0.000119936, 0.00017157, 0.000353487, 0.000680316, 0.00193171, 0.00288381, 0.005391, 0.0125181, 0.023457, 0.0466004, 0.0942948, 0.175788, 0.361102]
tempo_sqrt_element=[5.38e-07, 8.74e-07, 2.754e-06, 4.659e-06, 6.663e-06, 1.2641e-05, 2.5295e-05, 4.895e-05, 9.1672e-05, 0.000252428, 0.000404063, 0.00115732, 0.00237434, 0.00295474, 0.00693606, 0.0121172, 0.0235936, 0.0461658, 0.08903, 0.18209, 0.370828]
tempo_exp_element=[2.53e-06, 5.821e-06, 1.0161e-05, 1.3879e-05, 3.1756e-05, 6.1354e-05, 0.000119826, 0.000251389, 0.000466684, 0.00134424, 0.0019, 0.00403498, 0.00932398, 0.0148225, 0.0298161, 0.0581128, 0.111862, 0.231718, 0.446757, 0.891161, 1.83572]
tempo_log_element=[2.0165e-05, 8.407e-06, 1.4657e-05, 2.8779e-05, 5.1946e-05, 9.9939e-05, 0.000200892, 0.000388631, 0.0007281, 0.00174768, 0.0028564, 0.00553977, 0.010996, 0.0249523, 0.0475693, 0.0956673, 0.17897, 0.361214, 0.715297, 1.45305, 2.85702]
tempo_gauss=[4.398e-06, 6.135e-06, 1.1255e-05, 1.6783e-05, 3.7993e-05, 7.3577e-05, 0.000156988, 0.000284559, 0.000537142, 0.00168464, 0.00315085, 0.00420629, 0.00945301, 0.0179832, 0.0350306, 0.0705584, 0.132634, 0.271406, 0.559347, 1.07018, 2.10904]
