tamanhos=[100, 200, 400, 800, 1600, 3200, 6400, 12800, 25600, 51200, 102400, 204800, 409600, 819200, 1638400, 3276800, 6553600, 13107200, 26214400, 52428800, 104857600]
tempo_inner_prod=[1.437e-06, 8.14e-07, 1.486e-06, 2.925e-06, 5.806e-06, 1.1536e-05, 8.1364e-05, 4.4729e-05, 8.9376e-05, 0.000179165, 0.000357376, 0.000659394, 0.00132275, 0.00276361, 0.00529802, 0.0106888, 0.0212054, 0.0464522, 0.0874939, 0.183272, 0.353896]
tempo_sum_positive=[5.92e-07, 1.044e-06, 1.893e-06, 3.988e-06, 7.539e-06, 1.5104e-05, 2.9599e-05, 5.8329e-05, 0.000117067, 0.000253735, 0.000480179, 0.00108333, 0.00177916, 0.00351841, 0.00693118, 0.0146096, 0.029133, 0.0600793, 0.117348, 0.232968, 0.489947]
tempo_sqrt_element=[7.42e-07, 1.336e-06, 2.637e-06, 5.25e-06, 1.0366e-05, 2.0627e-05, 4.0174e-05, 8.0478e-05, 0.000160727, 0.000347618, 0.000621149, 0.00122888, 0.00255889, 0.00469872, 0.00957703, 0.0193183, 0.039568, 0.0800046, 0.157444, 0.314187, 0.637455]
tempo_exp_element=[3.407e-06, 5.189e-06, 1.0481e-05, 2.0601e-05, 4.1071e-05, 8.2385e-05, 0.000226551, 0.00121192, 0.000668743, 0.0013756, 0.00262651, 0.00535092, 0.00965181, 0.0196186, 0.0406361, 0.0784835, 0.155119, 0.316284, 0.626449, 1.23655, 2.46487]
tempo_log_element=[2.7263e-05, 7.402e-06, 1.4605e-05, 2.918e-05, 5.8114e-05, 0.000116727, 0.000439255, 0.000913346, 0.0008993, 0.00182836, 0.00370334, 0.0073057, 0.0136025, 0.027434, 0.0551053, 0.110849, 0.216659, 0.43321, 0.874315, 1.76986, 3.57719]
tempo_gauss=[7.676e-06, 7.019e-06, 1.4013e-05, 2.7847e-05, 5.5811e-05, 0.000112132, 0.0003093, 0.000531779, 0.000935225, 0.00208294, 0.0034665, 0.00664346, 0.0135294, 0.0270317, 0.0526527, 0.108765, 0.211101, 0.424405, 0.838082, 1.70411, 3.40143]
