tamanhos=[100, 200, 400, 800, 1600, 3200, 6400, 12800, 25600, 51200, 102400, 204800, 409600, 819200, 1638400, 3276800, 6553600, 13107200, 26214400, 52428800, 104857600]
tempo_inner_prod=[1.454e-06, 6.3e-07, 1.175e-06, 2.325e-06, 4.563e-06, 9.066e-06, 1.8048e-05, 3.6252e-05, 7.2174e-05, 0.000132501, 0.00037356, 0.000553376, 0.0010591, 0.00234233, 0.0046989, 0.00859473, 0.0172377, 0.0343032, 0.0688543, 0.143801, 0.284067]
tempo_sum_positive=[5.19e-07, 8.3e-07, 1.528e-06, 2.878e-06, 5.807e-06, 1.0799e-05, 2.2065e-05, 4.3945e-05, 8.4336e-05, 0.000213958, 0.000338429, 0.000689932, 0.00132666, 0.00275601, 0.00526706, 0.0111565, 0.0227213, 0.0440032, 0.087137, 0.179882, 0.34834]
tempo_sqrt_element=[5.28e-07, 7.73e-07, 1.456e-06, 2.89e-06, 5.721e-06, 1.1356e-05, 2.2765e-05, 4.5368e-05, 9.0594e-05, 0.000239722, 0.000331684, 0.00117155, 0.00132816, 0.0030251, 0.0056673, 0.0113352, 0.0230072, 0.0454702, 0.0906338, 0.185884, 0.353191]
tempo_exp_element=[2.409e-06, 3.461e-06, 6.912e-06, 1.379e-05, 2.7594e-05, 5.6127e-05, 0.000110364, 0.000222797, 0.000443961, 0.000861739, 0.0018549, 0.00386764, 0.00695259, 0.0135528, 0.0276755, 0.0598118, 0.11182, 0.218757, 0.43771, 0.873532, 1.77404]
tempo_log_element=[1.7036e-05, 5.502e-06, 1.1418e-05, 2.2322e-05, 4.4698e-05, 8.9946e-05, 0.000180651, 0.00036196, 0.000733031, 0.00206887, 0.00291708, 0.00581736, 0.0116535, 0.0226886, 0.0451693, 0.0893897, 0.178697, 0.357279, 0.797245, 1.42829, 2.87045]
tempo_gauss=[6.017e-06, 4.167e-06, 8.19e-06, 1.6469e-05, 3.2822e-05, 6.6319e-05, 0.000161851, 0.000278531, 0.000534441, 0.00122299, 0.00237405, 0.00432063, 0.00824555, 0.0166538, 0.0332805, 0.0675636, 0.131279, 0.265679, 0.521966, 1.05642, 2.11947]
