t_omp=[0.00987012,0.06633,0.339162,0.800431,2.46774,4.04669,8.54408,13.5971,,]
t_simd=[0.00128139,0.0216339,0.0954215,0.279784,0.838688,1.77374,2.86401,5.01067,,]
t_seq=[0.0075059,0.10074,0.340506,1.31579,2.99417,6.2435,12.1992,19.0844,,]
