t_omp=[0.0254143,0.123319,0.819705,5.59746]
t_seq=[0.000676715,0.00429273,0.0482545,0.448568]
