t_omp=[0.0638635,0.503051,2.15181,3.89439]
t_seq=[0.0412588,0.362404,3.13983,10.9799]
